date_time,tempC,HR,pressure,HRsoil,Vsensor
18/05/2024 00:02:00, 10.33, 68.51, 1025.22, 101, 0.856
18/05/2024 00:12:00, 10.37, 69.76, 1025.04, 101, 0.853
18/05/2024 00:22:00, 10.35, 70.05, 1025.07, 101, 0.853
18/05/2024 00:32:00, 10.38, 70.69, 1025.32, 101, 0.857
18/05/2024 00:42:00, 10.39, 71.03, 1025.38, 101, 0.853
18/05/2024 00:52:00, 10.39, 70.29, 1025.46, 101, 0.853
18/05/2024 01:02:00, 10.35, 70.13, 1025.34, 101, 0.853
18/05/2024 01:12:00, 10.33, 70.49, 1025.41, 101, 0.857
18/05/2024 01:22:00, 10.32, 71.12, 1025.44, 101, 0.853
18/05/2024 01:32:00, 10.26, 70.79, 1025.49, 101, 0.854
18/05/2024 01:42:00, 10.18, 70.37, 1025.24, 101, 0.855
18/05/2024 01:52:00, 10.07, 70.94, 1025.21, 101, 0.859
18/05/2024 02:02:00, 9.98, 70.73, 1025.19, 101, 0.859
18/05/2024 02:12:00, 9.92, 70.98, 1025.10, 101, 0.858
18/05/2024 02:22:00, 9.84, 70.65, 1024.98, 101, 0.856
18/05/2024 02:32:00, 9.69, 70.74, 1024.82, 101, 0.853
18/05/2024 02:42:00, 9.60, 71.35, 1024.95, 101, 0.853
18/05/2024 02:52:00, 9.47, 70.47, 1024.89, 101, 0.858
18/05/2024 03:02:00, 9.32, 70.86, 1024.87, 101, 0.855
18/05/2024 03:12:00, 9.15, 71.17, 1025.07, 101, 0.853
18/05/2024 03:22:00, 9.02, 71.11, 1025.07, 101, 0.853
18/05/2024 03:32:00, 8.86, 72.01, 1024.92, 101, 0.857
18/05/2024 03:42:00, 8.68, 69.68, 1024.97, 101, 0.855
18/05/2024 03:52:00, 8.38, 71.39, 1024.93, 101, 0.857
18/05/2024 04:02:00, 8.32, 71.74, 1024.80, 101, 0.857
18/05/2024 04:12:00, 8.07, 70.03, 1024.90, 101, 0.853
18/05/2024 04:22:00, 7.85, 70.46, 1024.91, 101, 0.855
18/05/2024 04:32:00, 7.76, 70.75, 1024.93, 101, 0.856
18/05/2024 04:42:00, 7.48, 70.49, 1024.80, 101, 0.856
18/05/2024 04:52:00, 7.27, 71.61, 1024.59, 101, 0.853
18/05/2024 05:02:00, 7.15, 71.21, 1024.65, 101, 0.853
18/05/2024 05:12:00, 7.10, 71.06, 1024.78, 102, 0.852
18/05/2024 05:22:00, 6.81, 70.81, 1024.93, 101, 0.854
18/05/2024 05:32:00, 6.80, 71.58, 1025.00, 101, 0.853
18/05/2024 05:42:00, 6.90, 71.00, 1025.17, 101, 0.856
18/05/2024 05:52:00, 6.93, 72.06, 1025.18, 101, 0.857
18/05/2024 06:02:00, 6.93, 71.91, 1025.20, 101, 0.859
18/05/2024 06:12:00, 6.82, 70.90, 1025.27, 101, 0.853
18/05/2024 06:22:00, 6.91, 73.07, 1025.40, 101, 0.856
18/05/2024 06:32:00, 7.04, 73.45, 1025.49, 100, 0.862
18/05/2024 06:42:00, 7.16, 73.28, 1025.53, 101, 0.853
18/05/2024 06:52:00, 7.25, 71.97, 1025.73, 101, 0.857
18/05/2024 07:02:00, 7.31, 73.37, 1025.87, 101, 0.857
18/05/2024 07:12:00, 7.36, 72.99, 1026.06, 101, 0.860
18/05/2024 07:22:00, 7.44, 73.70, 1026.20, 101, 0.860
18/05/2024 07:32:00, 7.38, 72.58, 1026.31, 100, 0.861
18/05/2024 07:42:00, 7.38, 73.41, 1026.60, 100, 0.861
18/05/2024 07:52:00, 7.37, 73.69, 1026.70, 101, 0.858
18/05/2024 08:02:00, 7.39, 72.81, 1026.79, 101, 0.860
18/05/2024 08:12:00, 7.48, 73.07, 1026.86, 100, 0.862
18/05/2024 08:22:00, 7.85, 73.22, 1027.12, 100, 0.861
18/05/2024 08:32:00, 8.25, 72.86, 1027.28, 100, 0.865
18/05/2024 08:42:00, 8.88, 71.52, 1027.28, 100, 0.862
18/05/2024 08:52:00, 9.67, 70.85, 1027.38, 99, 0.872
18/05/2024 09:02:00, 10.63, 71.08, 1027.26, 99, 0.874
18/05/2024 09:12:00, 11.23, 69.35, 1027.46, 99, 0.875
18/05/2024 09:22:00, 11.98, 68.84, 1027.73, 99, 0.871
18/05/2024 09:32:00, 12.44, 66.91, 1027.68, 98, 0.878
18/05/2024 09:42:00, 12.53, 66.16, 1027.71, 99, 0.871
18/05/2024 09:52:00, 12.82, 66.70, 1027.82, 99, 0.874
18/05/2024 10:02:00, 13.41, 64.98, 1027.85, 98, 0.879
18/05/2024 10:12:00, 14.01, 64.21, 1027.74, 98, 0.884
18/05/2024 10:22:00, 14.62, 63.48, 1027.87, 97, 0.887
18/05/2024 10:32:00, 15.32, 62.63, 1027.77, 98, 0.879
18/05/2024 10:42:00, 15.75, 60.04, 1027.93, 98, 0.881
18/05/2024 10:52:00, 16.10, 59.86, 1027.97, 97, 0.892
18/05/2024 11:02:00, 16.61, 57.43, 1028.08, 98, 0.886
18/05/2024 11:12:00, 17.35, 57.26, 1027.96, 97, 0.890
18/05/2024 11:22:00, 17.91, 53.52, 1027.84, 97, 0.892
18/05/2024 11:32:00, 17.99, 54.56, 1027.85, 96, 0.897
18/05/2024 11:42:00, 18.31, 51.93, 1027.62, 96, 0.899
18/05/2024 11:52:00, 17.97, 52.59, 1027.64, 97, 0.895
18/05/2024 12:02:00, 18.29, 50.73, 1027.43, 96, 0.898
18/05/2024 12:12:00, 17.57, 53.33, 1027.31, 96, 0.898
18/05/2024 12:22:00, 17.23, 53.40, 1027.25, 95, 0.906
18/05/2024 12:32:00, 17.88, 55.58, 1027.14, 96, 0.903
18/05/2024 12:42:00, 18.33, 52.17, 1026.95, 95, 0.910
18/05/2024 12:52:00, 18.64, 50.91, 1026.79, 95, 0.905
18/05/2024 13:02:00, 18.65, 50.73, 1026.72, 95, 0.908
18/05/2024 13:12:00, 19.92, 47.79, 1026.59, 94, 0.916
18/05/2024 13:22:00, 21.82, 44.91, 1026.28, 94, 0.920
18/05/2024 13:32:00, 21.86, 44.12, 1026.27, 93, 0.928
18/05/2024 13:42:00, 21.92, 46.04, 1026.25, 93, 0.922
18/05/2024 13:52:00, 21.91, 44.26, 1026.22, 93, 0.924
18/05/2024 14:02:00, 21.85, 46.97, 1026.19, 93, 0.923
18/05/2024 14:12:00, 21.79, 50.02, 1026.15, 100, 0.864
18/05/2024 14:22:00, 21.76, 44.50, 1026.09, 101, 0.853
18/05/2024 14:32:00, 21.72, 49.80, 1026.04, 100, 0.863
18/05/2024 14:42:00, 21.71, 46.17, 1025.99, 101, 0.857
18/05/2024 14:52:00, 21.66, 49.22, 1025.93, 101, 0.853
18/05/2024 15:02:00, 21.76, 43.47, 1025.87, 100, 0.865
18/05/2024 15:12:00, 21.89, 40.02, 1025.81, 101, 0.854
18/05/2024 15:22:00, 21.81, 45.17, 1025.75, 101, 0.854
18/05/2024 15:32:00, 21.78, 43.89, 1025.70, 100, 0.862
18/05/2024 15:42:00, 21.87, 42.68, 1025.64, 100, 0.864
18/05/2024 15:52:00, 22.03, 39.60, 1025.58, 101, 0.859
18/05/2024 16:02:00, 22.04, 41.28, 1025.53, 100, 0.862
18/05/2024 16:12:00, 19.18, 47.62, 1024.88, 100, 0.861
18/05/2024 16:22:00, 18.47, 50.41, 1024.92, 101, 0.855
18/05/2024 16:32:00, 20.20, 48.01, 1024.92, 100, 0.862
18/05/2024 16:42:00, 18.60, 48.20, 1025.03, 101, 0.860
18/05/2024 16:52:00, 17.64, 51.93, 1025.15, 100, 0.864
18/05/2024 17:02:00, 17.12, 52.93, 1025.14, 101, 0.855
18/05/2024 17:12:00, 16.60, 52.99, 1025.33, 101, 0.859
18/05/2024 17:22:00, 15.87, 54.95, 1025.26, 100, 0.862
18/05/2024 17:32:00, 15.53, 55.00, 1025.39, 100, 0.862
18/05/2024 17:42:00, 15.10, 54.66, 1025.49, 101, 0.860
18/05/2024 17:52:00, 14.67, 56.08, 1025.53, 100, 0.862
18/05/2024 18:02:00, 14.04, 58.51, 1025.65, 101, 0.854
18/05/2024 18:12:00, 13.34, 61.15, 1025.69, 101, 0.853
18/05/2024 18:22:00, 12.74, 62.65, 1025.67, 101, 0.854
18/05/2024 18:32:00, 12.15, 64.13, 1025.90, 102, 0.852
18/05/2024 18:42:00, 11.73, 66.61, 1026.08, 101, 0.857
18/05/2024 18:52:00, 11.41, 66.79, 1026.15, 101, 0.854
18/05/2024 19:02:00, 11.07, 66.90, 1026.24, 101, 0.853
18/05/2024 19:12:00, 10.81, 67.38, 1026.46, 101, 0.854
18/05/2024 19:22:00, 10.56, 66.80, 1026.54, 101, 0.853
18/05/2024 19:32:00, 10.24, 67.44, 1026.64, 101, 0.854
18/05/2024 19:42:00, 10.03, 68.27, 1026.83, 101, 0.854
18/05/2024 19:52:00, 9.83, 68.11, 1026.85, 101, 0.853
18/05/2024 20:02:00, 9.54, 68.44, 1026.77, 101, 0.853
18/05/2024 20:12:00, 9.33, 67.84, 1026.84, 101, 0.853
18/05/2024 20:22:00, 9.04, 67.95, 1026.93, 102, 0.851
18/05/2024 20:32:00, 8.96, 69.12, 1027.18, 101, 0.853
18/05/2024 20:42:00, 8.78, 69.06, 1027.18, 102, 0.849
18/05/2024 20:52:00, 8.47, 67.34, 1027.38, 102, 0.848
18/05/2024 21:02:00, 8.08, 68.87, 1027.46, 102, 0.849
18/05/2024 21:12:00, 7.81, 69.62, 1027.31, 101, 0.853
18/05/2024 21:22:00, 7.68, 69.28, 1027.55, 101, 0.853
18/05/2024 21:32:00, 7.59, 68.88, 1027.61, 102, 0.851
18/05/2024 21:42:00, 7.39, 70.36, 1027.79, 102, 0.852
18/05/2024 21:52:00, 7.24, 70.06, 1027.77, 102, 0.845
18/05/2024 22:02:00, 7.24, 70.86, 1028.06, 101, 0.853
18/05/2024 22:12:00, 7.17, 70.62, 1028.18, 101, 0.853
18/05/2024 22:22:00, 7.07, 70.97, 1028.30, 102, 0.848
18/05/2024 22:32:00, 6.88, 70.26, 1028.33, 101, 0.853
18/05/2024 22:42:00, 6.75, 71.23, 1028.38, 102, 0.850
18/05/2024 22:52:00, 6.72, 71.08, 1028.49, 102, 0.852
18/05/2024 23:02:00, 6.66, 71.19, 1028.50, 101, 0.853
18/05/2024 23:12:00, 6.59, 70.97, 1028.51, 102, 0.850
18/05/2024 23:22:00, 6.47, 71.12, 1028.50, 102, 0.846
18/05/2024 23:32:00, 6.44, 71.22, 1028.47, 102, 0.852
18/05/2024 23:42:00, 6.48, 71.65, 1028.54, 102, 0.852
18/05/2024 23:52:00, 6.22, 72.34, 1028.58, 102, 0.852