date_time,tempC,HR,pressure,HRsoil,Vsensor
05/05/2024 00:02:00, 16.55, 82.45, 1012.56, 101, 0.857
05/05/2024 00:12:00, 16.59, 82.32, 1012.44, 101, 0.853
05/05/2024 00:22:00, 16.58, 82.39, 1012.37, 101, 0.855
05/05/2024 00:32:00, 16.60, 82.35, 1012.27, 101, 0.856
05/05/2024 00:42:00, 16.60, 82.32, 1012.24, 101, 0.853
05/05/2024 00:52:00, 16.61, 82.33, 1012.18, 101, 0.857
05/05/2024 01:02:00, 16.62, 82.29, 1012.06, 101, 0.857
05/05/2024 01:12:00, 16.63, 82.37, 1011.99, 101, 0.857
05/05/2024 01:22:00, 16.64, 82.24, 1011.85, 101, 0.857
05/05/2024 01:32:00, 16.65, 82.58, 1011.78, 101, 0.853
05/05/2024 01:42:00, 16.65, 82.39, 1011.76, 101, 0.854
05/05/2024 01:52:00, 16.68, 82.62, 1011.81, 101, 0.854
05/05/2024 02:02:00, 16.69, 82.48, 1011.71, 101, 0.853
05/05/2024 02:12:00, 16.71, 82.53, 1011.63, 101, 0.858
05/05/2024 02:22:00, 16.70, 82.52, 1011.51, 102, 0.848
05/05/2024 02:32:00, 16.70, 82.64, 1011.40, 102, 0.848
05/05/2024 02:42:00, 16.70, 82.96, 1011.40, 102, 0.848
05/05/2024 02:52:00, 16.72, 82.85, 1011.27, 102, 0.852
05/05/2024 03:02:00, 16.73, 83.14, 1011.13, 102, 0.849
05/05/2024 03:12:00, 16.75, 83.17, 1011.06, 102, 0.851
05/05/2024 03:22:00, 16.78, 83.24, 1010.95, 102, 0.849
05/05/2024 03:32:00, 16.80, 83.30, 1010.66, 101, 0.853
05/05/2024 03:42:00, 16.82, 83.37, 1010.47, 102, 0.849
05/05/2024 03:52:00, 16.84, 83.40, 1010.54, 101, 0.853
05/05/2024 04:02:00, 16.87, 83.31, 1010.54, 102, 0.849
05/05/2024 04:12:00, 16.91, 83.47, 1010.38, 101, 0.860
05/05/2024 04:22:00, 16.90, 83.45, 1010.05, 101, 0.855
05/05/2024 04:32:00, 16.91, 83.49, 1009.92, 101, 0.856
05/05/2024 04:42:00, 16.88, 83.66, 1009.72, 101, 0.854
05/05/2024 04:52:00, 16.91, 83.57, 1009.55, 101, 0.853
05/05/2024 05:02:00, 16.91, 83.51, 1009.60, 101, 0.853
05/05/2024 05:12:00, 16.93, 83.41, 1009.75, 101, 0.855
05/05/2024 05:22:00, 16.93, 83.57, 1009.86, 101, 0.853
05/05/2024 05:32:00, 16.96, 83.51, 1009.91, 102, 0.851
05/05/2024 05:42:00, 16.98, 83.40, 1010.00, 102, 0.851
05/05/2024 05:52:00, 16.99, 83.35, 1009.83, 101, 0.853
05/05/2024 06:02:00, 16.97, 83.49, 1009.93, 102, 0.850
05/05/2024 06:12:00, 17.02, 83.46, 1009.91, 100, 0.861
05/05/2024 06:22:00, 17.02, 83.58, 1009.96, 101, 0.853
05/05/2024 06:32:00, 17.01, 83.63, 1009.99, 101, 0.854
05/05/2024 06:42:00, 17.00, 83.75, 1010.22, 101, 0.858
05/05/2024 06:52:00, 16.98, 83.62, 1010.48, 102, 0.852
05/05/2024 07:02:00, 16.99, 83.63, 1010.52, 101, 0.853
05/05/2024 07:12:00, 16.97, 83.61, 1010.71, 101, 0.853
05/05/2024 07:22:00, 16.97, 83.68, 1010.89, 102, 0.852
05/05/2024 07:32:00, 16.92, 83.57, 1011.06, 100, 0.861
05/05/2024 07:42:00, 16.91, 83.36, 1011.09, 101, 0.858
05/05/2024 07:52:00, 16.90, 83.50, 1011.07, 101, 0.853
05/05/2024 08:02:00, 16.90, 83.13, 1011.32, 100, 0.861
05/05/2024 08:12:00, 16.91, 82.62, 1011.20, 101, 0.853
05/05/2024 08:22:00, 16.90, 82.26, 1011.18, 100, 0.861
05/05/2024 08:32:00, 16.93, 81.82, 1011.42, 102, 0.850
05/05/2024 08:42:00, 16.94, 81.94, 1011.33, 101, 0.859
05/05/2024 08:52:00, 17.02, 82.04, 1011.37, 100, 0.861
05/05/2024 09:02:00, 17.11, 81.41, 1011.49, 102, 0.852
05/05/2024 09:12:00, 17.23, 81.36, 1011.47, 102, 0.852
05/05/2024 09:22:00, 17.33, 81.23, 1011.42, 100, 0.862
05/05/2024 09:32:00, 17.42, 81.37, 1011.53, 101, 0.857
05/05/2024 09:42:00, 17.50, 81.41, 1011.48, 101, 0.854
05/05/2024 09:52:00, 17.60, 80.95, 1011.54, 101, 0.858
05/05/2024 10:02:00, 17.73, 80.85, 1011.58, 101, 0.855
05/05/2024 10:12:00, 17.89, 80.50, 1011.45, 100, 0.866
05/05/2024 10:22:00, 18.01, 80.05, 1011.29, 101, 0.854
05/05/2024 10:32:00, 18.18, 79.52, 1011.61, 100, 0.863
05/05/2024 10:42:00, 18.35, 78.21, 1011.77, 100, 0.866
05/05/2024 10:52:00, 18.42, 77.50, 1011.83, 100, 0.861
05/05/2024 11:02:00, 18.42, 77.32, 1011.84, 100, 0.862
05/05/2024 11:12:00, 18.40, 77.38, 1011.88, 101, 0.853
05/05/2024 11:22:00, 18.44, 77.69, 1012.11, 101, 0.858
05/05/2024 11:32:00, 18.50, 77.00, 1012.12, 100, 0.864
05/05/2024 11:42:00, 18.50, 76.46, 1012.28, 101, 0.858
05/05/2024 11:52:00, 18.47, 75.96, 1012.31, 101, 0.854
05/05/2024 12:02:00, 18.46, 75.64, 1012.29, 101, 0.855
05/05/2024 12:12:00, 18.48, 74.81, 1012.30, 101, 0.858
05/05/2024 12:22:00, 18.51, 75.07, 1012.29, 100, 0.867
05/05/2024 12:32:00, 18.53, 74.66, 1012.28, 100, 0.864
05/05/2024 12:42:00, 18.51, 75.08, 1012.16, 101, 0.856
05/05/2024 12:52:00, 18.66, 75.74, 1011.95, 101, 0.856
05/05/2024 13:02:00, 18.85, 75.22, 1011.89, 100, 0.867
05/05/2024 13:12:00, 19.23, 74.67, 1011.68, 101, 0.859
05/05/2024 13:22:00, 19.82, 74.16, 1011.34, 100, 0.863
05/05/2024 13:32:00, 19.87, 72.47, 1011.33, 100, 0.867
05/05/2024 13:42:00, 19.94, 71.19, 1011.31, 99, 0.877
05/05/2024 13:52:00, 20.02, 70.31, 1011.28, 99, 0.877
05/05/2024 14:02:00, 20.10, 70.75, 1011.24, 99, 0.874
05/05/2024 14:12:00, 20.19, 71.49, 1011.20, 100, 0.868
05/05/2024 14:22:00, 20.31, 70.14, 1011.14, 98, 0.879
05/05/2024 14:32:00, 20.48, 69.34, 1011.06, 99, 0.872
05/05/2024 14:42:00, 20.64, 66.75, 1010.98, 98, 0.880
05/05/2024 14:52:00, 20.76, 67.70, 1010.89, 98, 0.879
05/05/2024 15:02:00, 20.84, 70.84, 1010.80, 99, 0.876
05/05/2024 15:12:00, 20.91, 70.75, 1010.70, 98, 0.881
05/05/2024 15:22:00, 21.00, 69.78, 1010.60, 98, 0.879
05/05/2024 15:32:00, 21.07, 68.79, 1010.51, 98, 0.882
05/05/2024 15:42:00, 21.13, 70.32, 1010.41, 99, 0.872
05/05/2024 15:52:00, 21.14, 70.53, 1010.33, 98, 0.879
05/05/2024 16:02:00, 21.13, 71.65, 1010.24, 98, 0.882
05/05/2024 16:12:00, 21.12, 71.70, 1010.14, 99, 0.873
05/05/2024 16:22:00, 21.11, 73.86, 1010.05, 99, 0.877
05/05/2024 16:32:00, 21.07, 72.41, 1009.96, 98, 0.881
05/05/2024 16:42:00, 21.03, 73.06, 1009.87, 98, 0.880
05/05/2024 16:52:00, 20.99, 75.29, 1009.80, 99, 0.874
05/05/2024 17:02:00, 20.94, 73.72, 1009.74, 99, 0.872
05/05/2024 17:12:00, 20.88, 73.98, 1009.68, 99, 0.872
05/05/2024 17:22:00, 20.82, 74.06, 1009.61, 98, 0.882
05/05/2024 17:32:00, 20.76, 74.09, 1009.55, 98, 0.878
05/05/2024 17:42:00, 20.69, 74.58, 1009.47, 99, 0.876
05/05/2024 17:52:00, 20.62, 74.83, 1009.40, 98, 0.878
05/05/2024 18:02:00, 20.54, 75.63, 1009.33, 99, 0.874
05/05/2024 18:12:00, 20.47, 77.06, 1009.27, 99, 0.876
05/05/2024 18:22:00, 19.12, 76.61, 1008.34, 99, 0.876
05/05/2024 18:32:00, 19.00, 78.24, 1008.35, 98, 0.882
05/05/2024 18:42:00, 18.86, 78.27, 1008.28, 98, 0.879
05/05/2024 18:52:00, 18.70, 78.07, 1008.01, 99, 0.876
05/05/2024 19:02:00, 18.52, 78.01, 1007.95, 98, 0.881
05/05/2024 19:12:00, 18.39, 78.64, 1008.24, 98, 0.884
05/05/2024 19:22:00, 18.34, 79.07, 1008.37, 98, 0.882
05/05/2024 19:32:00, 18.30, 78.85, 1008.63, 99, 0.872
05/05/2024 19:42:00, 18.28, 79.95, 1008.69, 98, 0.878
05/05/2024 19:52:00, 18.32, 80.53, 1008.76, 98, 0.883
05/05/2024 20:02:00, 18.32, 80.58, 1008.91, 98, 0.878
05/05/2024 20:12:00, 18.34, 79.46, 1009.02, 97, 0.889
05/05/2024 20:22:00, 18.36, 79.93, 1009.16, 97, 0.889
05/05/2024 20:32:00, 18.31, 79.28, 1009.42, 98, 0.884
05/05/2024 20:42:00, 18.26, 79.55, 1009.48, 98, 0.881
05/05/2024 20:52:00, 18.23, 79.77, 1009.73, 98, 0.879
05/05/2024 21:02:00, 18.17, 80.06, 1010.00, 98, 0.878
05/05/2024 21:12:00, 18.12, 80.65, 1010.13, 98, 0.883
05/05/2024 21:22:00, 18.12, 80.22, 1009.94, 98, 0.885
05/05/2024 21:32:00, 18.09, 80.34, 1010.05, 98, 0.878
05/05/2024 21:42:00, 18.08, 80.44, 1010.15, 98, 0.881
05/05/2024 21:52:00, 18.12, 80.28, 1010.13, 97, 0.890
05/05/2024 22:02:00, 18.10, 80.25, 1009.93, 97, 0.888
05/05/2024 22:12:00, 18.08, 80.08, 1009.82, 98, 0.883
05/05/2024 22:22:00, 18.08, 80.42, 1009.88, 98, 0.882
05/05/2024 22:32:00, 18.09, 80.52, 1009.95, 97, 0.890
05/05/2024 22:42:00, 18.10, 80.73, 1009.91, 98, 0.879
05/05/2024 22:52:00, 18.10, 80.63, 1009.91, 98, 0.882
05/05/2024 23:02:00, 18.10, 80.78, 1009.90, 98, 0.883
05/05/2024 23:12:00, 18.12, 80.75, 1009.86, 97, 0.891
05/05/2024 23:22:00, 18.16, 80.89, 1009.84, 97, 0.892
05/05/2024 23:32:00, 18.12, 80.97, 1009.89, 97, 0.887
05/05/2024 23:42:00, 18.12, 81.51, 1009.89, 98, 0.882
05/05/2024 23:52:00, 18.19, 81.19, 1009.63, 97, 0.888
