date_time,tempC,HR,pressure,HRsoil,Vsensor
07/06/2024 00:02:00, 17.39, 81.77, 1015.90, 99, 0.876
07/06/2024 00:12:00, 17.28, 81.93, 1015.98, 100, 0.865
07/06/2024 00:22:00, 17.19, 81.66, 1016.14, 99, 0.874
07/06/2024 00:32:00, 17.09, 82.02, 1016.14, 99, 0.870
07/06/2024 00:42:00, 17.06, 82.38, 1016.14, 100, 0.866
07/06/2024 00:52:00, 17.05, 82.58, 1016.17, 99, 0.873
07/06/2024 01:02:00, 17.03, 82.80, 1016.19, 99, 0.877
07/06/2024 01:12:00, 17.05, 83.16, 1016.32, 99, 0.870
07/06/2024 01:22:00, 17.07, 82.98, 1016.27, 99, 0.871
07/06/2024 01:32:00, 17.08, 83.08, 1016.33, 99, 0.877
07/06/2024 01:42:00, 17.17, 83.21, 1016.27, 98, 0.878
07/06/2024 01:52:00, 17.27, 83.52, 1016.33, 98, 0.878
07/06/2024 02:02:00, 17.38, 83.44, 1016.30, 98, 0.878
07/06/2024 02:12:00, 17.48, 83.33, 1016.43, 99, 0.870
07/06/2024 02:22:00, 17.58, 83.34, 1016.44, 99, 0.870
07/06/2024 02:32:00, 17.63, 83.24, 1016.42, 98, 0.879
07/06/2024 02:42:00, 17.70, 83.35, 1016.32, 99, 0.874
07/06/2024 02:52:00, 17.75, 83.17, 1016.30, 98, 0.880
07/06/2024 03:02:00, 17.77, 83.14, 1016.33, 98, 0.879
07/06/2024 03:12:00, 17.77, 83.09, 1016.30, 98, 0.878
07/06/2024 03:22:00, 17.73, 83.07, 1016.22, 100, 0.866
07/06/2024 03:32:00, 17.70, 83.13, 1016.11, 99, 0.876
07/06/2024 03:42:00, 17.65, 83.08, 1016.18, 98, 0.879
07/06/2024 03:52:00, 17.57, 82.83, 1016.12, 98, 0.879
07/06/2024 04:02:00, 17.45, 82.64, 1015.98, 99, 0.876
07/06/2024 04:12:00, 17.40, 82.99, 1016.02, 99, 0.874
07/06/2024 04:22:00, 17.35, 82.99, 1015.93, 99, 0.874
07/06/2024 04:32:00, 17.30, 82.94, 1015.90, 98, 0.878
07/06/2024 04:42:00, 17.26, 83.01, 1015.78, 98, 0.878
07/06/2024 04:52:00, 17.30, 83.17, 1015.86, 100, 0.866
07/06/2024 05:02:00, 17.32, 83.31, 1015.85, 98, 0.878
07/06/2024 05:12:00, 17.35, 83.23, 1015.93, 99, 0.873
07/06/2024 05:22:00, 17.36, 83.08, 1015.90, 99, 0.877
07/06/2024 05:32:00, 17.41, 83.34, 1015.87, 98, 0.878
07/06/2024 05:42:00, 17.40, 83.25, 1015.80, 99, 0.876
07/06/2024 05:52:00, 17.42, 83.38, 1015.79, 100, 0.868
07/06/2024 06:02:00, 17.40, 82.95, 1015.96, 99, 0.870
07/06/2024 06:12:00, 17.38, 83.07, 1015.95, 99, 0.876
07/06/2024 06:22:00, 17.34, 83.11, 1015.97, 99, 0.870
07/06/2024 06:32:00, 17.35, 83.28, 1016.02, 100, 0.866
07/06/2024 06:42:00, 17.36, 83.48, 1016.05, 99, 0.873
07/06/2024 06:52:00, 17.40, 83.46, 1016.19, 99, 0.874
07/06/2024 07:02:00, 17.42, 83.56, 1016.17, 99, 0.874
07/06/2024 07:12:00, 17.46, 83.87, 1016.17, 99, 0.875
07/06/2024 07:22:00, 17.53, 83.92, 1016.29, 99, 0.874
07/06/2024 07:32:00, 17.58, 84.00, 1016.27, 99, 0.872
07/06/2024 07:42:00, 17.62, 83.85, 1016.31, 99, 0.874
07/06/2024 07:52:00, 17.64, 83.78, 1016.37, 99, 0.870
07/06/2024 08:02:00, 17.65, 83.92, 1016.47, 100, 0.867
07/06/2024 08:12:00, 17.66, 83.92, 1016.55, 99, 0.875
07/06/2024 08:22:00, 17.69, 83.86, 1016.82, 99, 0.870
07/06/2024 08:32:00, 17.77, 83.94, 1016.79, 99, 0.871
07/06/2024 08:42:00, 17.90, 84.04, 1016.93, 99, 0.871
07/06/2024 08:52:00, 18.04, 83.78, 1017.14, 100, 0.866
07/06/2024 09:02:00, 18.20, 83.51, 1017.21, 98, 0.880
07/06/2024 09:12:00, 18.41, 83.05, 1017.35, 98, 0.879
07/06/2024 09:22:00, 18.66, 82.65, 1017.42, 99, 0.870
07/06/2024 09:32:00, 18.93, 82.15, 1017.58, 98, 0.882
07/06/2024 09:42:00, 19.22, 82.11, 1017.64, 98, 0.883
07/06/2024 09:52:00, 19.60, 81.55, 1017.64, 98, 0.882
07/06/2024 10:02:00, 19.63, 80.02, 1017.64, 98, 0.878
07/06/2024 10:12:00, 19.69, 79.61, 1017.65, 99, 0.876
07/06/2024 10:22:00, 19.77, 79.30, 1017.66, 97, 0.889
07/06/2024 10:32:00, 19.87, 78.56, 1017.68, 98, 0.882
07/06/2024 10:42:00, 19.99, 77.14, 1017.70, 97, 0.892
07/06/2024 10:52:00, 20.14, 75.50, 1017.72, 97, 0.895
07/06/2024 11:02:00, 20.31, 74.07, 1017.73, 97, 0.891
07/06/2024 11:12:00, 20.52, 73.20, 1017.73, 96, 0.897
07/06/2024 11:22:00, 20.78, 68.94, 1017.74, 96, 0.903
07/06/2024 11:32:00, 21.08, 68.05, 1017.74, 95, 0.905
07/06/2024 11:42:00, 21.43, 67.16, 1017.74, 95, 0.909
07/06/2024 11:52:00, 21.79, 63.84, 1017.72, 94, 0.918
07/06/2024 12:02:00, 22.16, 64.27, 1017.69, 94, 0.915
07/06/2024 12:12:00, 22.50, 64.67, 1017.66, 94, 0.914
07/06/2024 12:22:00, 22.82, 63.33, 1017.64, 92, 0.930
07/06/2024 12:32:00, 23.17, 62.05, 1017.60, 93, 0.929
07/06/2024 12:42:00, 23.52, 61.62, 1017.56, 93, 0.923
07/06/2024 12:52:00, 23.87, 61.69, 1017.51, 93, 0.925
07/06/2024 13:02:00, 24.22, 58.48, 1017.45, 92, 0.931
07/06/2024 13:12:00, 24.59, 59.41, 1017.39, 93, 0.925
07/06/2024 13:22:00, 24.92, 58.66, 1017.32, 93, 0.928
07/06/2024 13:32:00, 25.27, 55.47, 1017.24, 92, 0.931
07/06/2024 13:42:00, 25.66, 53.93, 1017.15, 93, 0.928
07/06/2024 13:52:00, 26.02, 51.88, 1017.06, 93, 0.928
07/06/2024 14:02:00, 26.32, 54.84, 1016.96, 94, 0.920
07/06/2024 14:12:00, 26.57, 57.27, 1016.86, 93, 0.928
07/06/2024 14:22:00, 26.79, 55.93, 1016.76, 93, 0.925
07/06/2024 14:32:00, 26.99, 57.53, 1016.66, 93, 0.928
07/06/2024 14:42:00, 27.15, 57.94, 1016.56, 93, 0.929
07/06/2024 14:52:00, 27.28, 59.47, 1016.47, 94, 0.919
07/06/2024 15:02:00, 27.37, 58.98, 1016.38, 93, 0.921
07/06/2024 15:12:00, 27.42, 57.51, 1016.29, 93, 0.925
07/06/2024 15:22:00, 27.44, 62.20, 1016.19, 94, 0.917
07/06/2024 15:32:00, 27.45, 61.51, 1016.09, 93, 0.924
07/06/2024 15:42:00, 27.47, 63.10, 1015.99, 93, 0.926
07/06/2024 15:52:00, 27.48, 61.19, 1015.88, 93, 0.922
07/06/2024 16:02:00, 27.50, 60.83, 1015.78, 93, 0.925
07/06/2024 16:12:00, 27.51, 60.21, 1015.67, 93, 0.923
07/06/2024 16:22:00, 27.50, 61.19, 1015.58, 93, 0.921
07/06/2024 16:32:00, 27.47, 65.55, 1015.49, 94, 0.920
07/06/2024 16:42:00, 27.42, 64.90, 1015.41, 93, 0.922
07/06/2024 16:52:00, 27.37, 63.64, 1015.32, 93, 0.922
07/06/2024 17:02:00, 27.31, 65.54, 1015.24, 94, 0.920
07/06/2024 17:12:00, 27.24, 59.85, 1015.17, 94, 0.920
07/06/2024 17:22:00, 27.16, 60.61, 1015.09, 94, 0.917
07/06/2024 17:32:00, 27.07, 61.83, 1015.01, 95, 0.911
07/06/2024 17:42:00, 26.95, 66.64, 1014.95, 95, 0.912
07/06/2024 17:52:00, 26.82, 66.57, 1014.89, 94, 0.914
07/06/2024 18:02:00, 26.66, 67.10, 1014.83, 95, 0.909
07/06/2024 18:12:00, 26.47, 69.37, 1014.77, 95, 0.910
07/06/2024 18:22:00, 26.26, 71.33, 1014.71, 95, 0.908
07/06/2024 18:32:00, 26.03, 72.43, 1014.65, 96, 0.903
07/06/2024 18:42:00, 25.80, 73.28, 1014.61, 95, 0.907
07/06/2024 18:52:00, 25.57, 73.80, 1014.57, 95, 0.906
07/06/2024 19:02:00, 25.34, 74.66, 1014.53, 95, 0.904
07/06/2024 19:12:00, 25.13, 74.81, 1014.51, 95, 0.907
07/06/2024 19:22:00, 24.92, 75.13, 1014.49, 95, 0.907
07/06/2024 19:32:00, 24.72, 75.04, 1014.47, 95, 0.907
07/06/2024 19:42:00, 24.52, 76.10, 1014.46, 95, 0.904
07/06/2024 19:52:00, 24.33, 75.45, 1014.44, 95, 0.907
07/06/2024 20:02:00, 24.15, 75.24, 1014.42, 95, 0.909
07/06/2024 20:12:00, 23.99, 74.82, 1014.39, 96, 0.902
07/06/2024 20:22:00, 23.83, 75.36, 1014.37, 95, 0.907
07/06/2024 20:32:00, 23.68, 76.20, 1014.34, 95, 0.906
07/06/2024 20:42:00, 23.53, 76.31, 1014.32, 95, 0.907
07/06/2024 20:52:00, 23.38, 76.77, 1014.31, 95, 0.904
07/06/2024 21:02:00, 23.24, 77.15, 1014.31, 96, 0.903
07/06/2024 21:12:00, 23.11, 77.22, 1014.31, 95, 0.906
07/06/2024 21:22:00, 22.99, 77.45, 1014.30, 95, 0.909
07/06/2024 21:32:00, 22.87, 77.55, 1014.30, 95, 0.907
07/06/2024 21:42:00, 22.76, 77.85, 1014.32, 95, 0.905
07/06/2024 21:52:00, 22.66, 77.82, 1014.33, 95, 0.906
07/06/2024 22:02:00, 22.55, 78.18, 1014.34, 95, 0.904
07/06/2024 22:12:00, 22.43, 78.71, 1014.36, 95, 0.906
07/06/2024 22:22:00, 22.31, 79.29, 1014.38, 95, 0.905
07/06/2024 22:32:00, 22.18, 79.82, 1014.40, 96, 0.903
07/06/2024 22:42:00, 22.04, 80.18, 1014.41, 95, 0.904
07/06/2024 22:52:00, 21.90, 80.48, 1014.43, 96, 0.902
07/06/2024 23:02:00, 21.76, 80.74, 1014.47, 96, 0.899
07/06/2024 23:12:00, 21.62, 80.53, 1014.50, 96, 0.903
07/06/2024 23:22:00, 21.48, 80.93, 1014.54, 95, 0.905
07/06/2024 23:32:00, 21.34, 81.45, 1014.58, 96, 0.898
07/06/2024 23:42:00, 19.36, 81.39, 1015.27, 96, 0.903
07/06/2024 23:52:00, 19.43, 80.98, 1015.25, 95, 0.905
