date_time,tempC,HR,pressure,HRsoil,Vsensor
17/06/2024 00:02:00, 11.17, 74.91, 1017.23, 101, 0.853
17/06/2024 00:12:00, 11.10, 76.21, 1017.26, 101, 0.855
17/06/2024 00:22:00, 11.23, 76.85, 1017.24, 101, 0.858
17/06/2024 00:32:00, 11.51, 78.30, 1017.22, 102, 0.851
17/06/2024 00:42:00, 11.84, 78.10, 1017.20, 101, 0.856
17/06/2024 00:52:00, 12.21, 78.88, 1017.06, 102, 0.852
17/06/2024 01:02:00, 12.60, 78.43, 1017.07, 101, 0.853
17/06/2024 01:12:00, 12.87, 78.14, 1017.10, 101, 0.856
17/06/2024 01:22:00, 13.05, 77.98, 1017.12, 101, 0.853
17/06/2024 01:32:00, 13.19, 77.62, 1016.95, 101, 0.856
17/06/2024 01:42:00, 13.32, 77.97, 1017.07, 100, 0.862
17/06/2024 01:52:00, 13.42, 78.00, 1017.06, 100, 0.862
17/06/2024 02:02:00, 13.48, 78.18, 1017.08, 100, 0.862
17/06/2024 02:12:00, 13.65, 78.61, 1017.11, 100, 0.862
17/06/2024 02:22:00, 13.69, 77.78, 1017.17, 101, 0.853
17/06/2024 02:32:00, 13.66, 77.57, 1017.00, 100, 0.862
17/06/2024 02:42:00, 13.66, 78.13, 1016.86, 101, 0.853
17/06/2024 02:52:00, 13.72, 78.35, 1016.70, 100, 0.863
17/06/2024 03:02:00, 13.70, 77.73, 1016.61, 100, 0.863
17/06/2024 03:12:00, 13.71, 78.12, 1016.47, 101, 0.859
17/06/2024 03:22:00, 13.73, 78.01, 1016.33, 100, 0.861
17/06/2024 03:32:00, 13.73, 78.17, 1016.23, 100, 0.863
17/06/2024 03:42:00, 13.75, 77.96, 1016.11, 100, 0.862
17/06/2024 03:52:00, 13.77, 77.99, 1016.02, 101, 0.854
17/06/2024 04:02:00, 13.76, 77.98, 1015.68, 101, 0.857
17/06/2024 04:12:00, 13.71, 77.62, 1015.60, 100, 0.862
17/06/2024 04:22:00, 13.64, 77.65, 1015.80, 101, 0.854
17/06/2024 04:32:00, 13.68, 78.36, 1015.74, 101, 0.857
17/06/2024 04:42:00, 13.73, 78.26, 1015.63, 101, 0.853
17/06/2024 04:52:00, 13.73, 77.06, 1015.47, 100, 0.862
17/06/2024 05:02:00, 13.71, 77.31, 1015.44, 101, 0.859
17/06/2024 05:12:00, 13.67, 77.10, 1015.47, 101, 0.854
17/06/2024 05:22:00, 13.62, 77.31, 1015.34, 101, 0.857
17/06/2024 05:32:00, 13.58, 77.52, 1015.21, 101, 0.857
17/06/2024 05:42:00, 13.50, 78.01, 1015.18, 101, 0.853
17/06/2024 05:52:00, 13.46, 78.42, 1015.05, 101, 0.857
17/06/2024 06:02:00, 13.41, 78.81, 1015.05, 101, 0.853
17/06/2024 06:12:00, 13.38, 79.12, 1014.97, 100, 0.863
17/06/2024 06:22:00, 13.33, 79.27, 1014.94, 101, 0.853
17/06/2024 06:32:00, 13.28, 79.65, 1014.92, 101, 0.860
17/06/2024 06:42:00, 13.23, 79.86, 1014.93, 101, 0.855
17/06/2024 06:52:00, 13.19, 79.76, 1014.99, 101, 0.856
17/06/2024 07:02:00, 13.11, 79.95, 1015.07, 101, 0.857
17/06/2024 07:12:00, 13.11, 80.22, 1015.07, 100, 0.862
17/06/2024 07:22:00, 13.07, 80.08, 1015.04, 101, 0.853
17/06/2024 07:32:00, 13.06, 80.28, 1014.96, 100, 0.862
17/06/2024 07:42:00, 13.02, 80.37, 1015.05, 101, 0.857
17/06/2024 07:52:00, 13.02, 80.65, 1014.83, 101, 0.860
17/06/2024 08:02:00, 13.03, 80.55, 1014.88, 100, 0.862
17/06/2024 08:12:00, 13.01, 80.71, 1014.85, 101, 0.859
17/06/2024 08:22:00, 13.00, 80.75, 1014.89, 100, 0.862
17/06/2024 08:32:00, 13.07, 81.19, 1014.82, 100, 0.862
17/06/2024 08:42:00, 13.14, 81.21, 1014.79, 101, 0.854
17/06/2024 08:52:00, 13.29, 81.04, 1014.80, 100, 0.865
17/06/2024 09:02:00, 13.49, 80.69, 1014.76, 100, 0.865
17/06/2024 09:12:00, 13.69, 80.58, 1014.73, 101, 0.857
17/06/2024 09:22:00, 13.87, 80.17, 1014.66, 100, 0.866
17/06/2024 09:32:00, 14.05, 80.03, 1014.52, 100, 0.866
17/06/2024 09:42:00, 14.28, 80.20, 1014.64, 101, 0.858
17/06/2024 09:52:00, 14.51, 79.64, 1014.61, 100, 0.866
17/06/2024 10:02:00, 14.88, 79.14, 1014.36, 100, 0.863
17/06/2024 10:12:00, 15.14, 78.06, 1014.19, 100, 0.863
17/06/2024 10:22:00, 15.46, 77.52, 1014.14, 100, 0.869
17/06/2024 10:32:00, 16.02, 76.56, 1013.86, 99, 0.874
17/06/2024 10:42:00, 16.63, 74.99, 1013.61, 99, 0.871
17/06/2024 10:52:00, 16.76, 73.66, 1013.81, 98, 0.878
17/06/2024 11:02:00, 16.96, 72.38, 1013.96, 98, 0.878
17/06/2024 11:12:00, 17.27, 72.58, 1013.96, 98, 0.878
17/06/2024 11:22:00, 17.48, 71.84, 1013.89, 99, 0.872
17/06/2024 11:32:00, 17.62, 71.59, 1014.01, 98, 0.879
17/06/2024 11:42:00, 17.65, 71.51, 1013.91, 98, 0.880
17/06/2024 11:52:00, 17.90, 71.18, 1013.93, 99, 0.875
17/06/2024 12:02:00, 18.10, 72.07, 1013.87, 98, 0.878
17/06/2024 12:12:00, 18.31, 71.65, 1013.79, 99, 0.877
17/06/2024 12:22:00, 18.41, 70.21, 1013.64, 98, 0.881
17/06/2024 12:32:00, 18.25, 71.21, 1013.57, 98, 0.880
17/06/2024 12:42:00, 18.35, 70.89, 1013.24, 98, 0.884
17/06/2024 12:52:00, 18.60, 69.82, 1013.01, 98, 0.882
17/06/2024 13:02:00, 18.80, 69.02, 1012.67, 97, 0.887
17/06/2024 13:12:00, 19.06, 70.35, 1012.45, 98, 0.885
17/06/2024 13:22:00, 19.09, 68.70, 1012.44, 98, 0.886
17/06/2024 13:32:00, 19.78, 67.53, 1012.22, 97, 0.889
17/06/2024 13:42:00, 19.69, 67.62, 1012.03, 97, 0.889
17/06/2024 13:52:00, 19.69, 69.32, 1012.02, 97, 0.891
17/06/2024 14:02:00, 19.71, 67.46, 1012.01, 97, 0.892
17/06/2024 14:12:00, 19.72, 69.25, 1012.00, 98, 0.886
17/06/2024 14:22:00, 19.71, 68.51, 1011.98, 97, 0.893
17/06/2024 14:32:00, 19.72, 67.11, 1011.94, 97, 0.895
17/06/2024 14:42:00, 19.78, 65.03, 1011.88, 97, 0.895
17/06/2024 14:52:00, 20.01, 59.27, 1011.81, 96, 0.899
17/06/2024 15:02:00, 20.29, 57.26, 1011.73, 95, 0.905
17/06/2024 15:12:00, 20.61, 53.39, 1011.65, 95, 0.905
17/06/2024 15:22:00, 20.95, 53.21, 1011.56, 95, 0.905
17/06/2024 15:32:00, 21.31, 52.44, 1011.49, 95, 0.904
17/06/2024 15:42:00, 21.59, 53.24, 1011.40, 96, 0.903
17/06/2024 15:52:00, 21.71, 58.52, 1011.33, 95, 0.905
17/06/2024 16:02:00, 21.73, 61.75, 1011.25, 96, 0.901
17/06/2024 16:12:00, 21.68, 63.46, 1011.18, 96, 0.901
17/06/2024 16:22:00, 21.58, 67.28, 1011.11, 96, 0.903
17/06/2024 16:32:00, 21.46, 67.78, 1011.03, 95, 0.906
17/06/2024 16:42:00, 21.34, 68.73, 1010.95, 95, 0.904
17/06/2024 16:52:00, 21.20, 69.05, 1010.89, 95, 0.907
17/06/2024 17:02:00, 18.89, 70.07, 1009.90, 95, 0.906
17/06/2024 17:12:00, 18.63, 70.01, 1009.84, 95, 0.905
17/06/2024 17:22:00, 18.35, 70.59, 1009.85, 96, 0.899
17/06/2024 17:32:00, 18.13, 71.90, 1009.98, 95, 0.904
17/06/2024 17:42:00, 18.02, 72.37, 1009.82, 96, 0.903
17/06/2024 17:52:00, 17.93, 73.25, 1009.67, 95, 0.905
17/06/2024 18:02:00, 17.84, 73.91, 1009.67, 95, 0.905
17/06/2024 18:12:00, 17.76, 74.79, 1009.65, 95, 0.905
17/06/2024 18:22:00, 17.71, 76.26, 1009.73, 95, 0.906
17/06/2024 18:32:00, 17.66, 75.29, 1009.65, 95, 0.905
17/06/2024 18:42:00, 17.61, 75.23, 1009.61, 96, 0.899
17/06/2024 18:52:00, 17.43, 74.57, 1009.39, 96, 0.897
17/06/2024 19:02:00, 17.35, 74.89, 1009.22, 95, 0.905
17/06/2024 19:12:00, 17.28, 74.25, 1008.96, 95, 0.904
17/06/2024 19:22:00, 17.18, 74.19, 1009.03, 95, 0.905
17/06/2024 19:32:00, 17.07, 74.52, 1008.99, 96, 0.900
17/06/2024 19:42:00, 17.03, 74.85, 1009.16, 96, 0.897
17/06/2024 19:52:00, 16.96, 74.82, 1009.04, 95, 0.904
17/06/2024 20:02:00, 16.98, 75.48, 1009.24, 95, 0.905
17/06/2024 20:12:00, 16.96, 75.83, 1009.42, 95, 0.904
17/06/2024 20:22:00, 16.93, 76.36, 1009.45, 96, 0.903
17/06/2024 20:32:00, 16.98, 77.10, 1009.43, 96, 0.899
17/06/2024 20:42:00, 16.95, 76.86, 1009.46, 95, 0.905
17/06/2024 20:52:00, 16.85, 77.13, 1009.40, 95, 0.905
17/06/2024 21:02:00, 16.76, 77.28, 1009.21, 95, 0.905
17/06/2024 21:12:00, 16.67, 78.05, 1009.30, 96, 0.899
17/06/2024 21:22:00, 16.62, 77.96, 1009.14, 95, 0.904
17/06/2024 21:32:00, 16.49, 78.08, 1009.10, 96, 0.902
17/06/2024 21:42:00, 16.42, 78.33, 1009.11, 95, 0.905
17/06/2024 21:52:00, 16.38, 78.45, 1009.16, 96, 0.902
17/06/2024 22:02:00, 16.40, 78.50, 1008.95, 95, 0.904
17/06/2024 22:12:00, 16.37, 78.51, 1008.95, 96, 0.903
17/06/2024 22:22:00, 16.35, 79.09, 1008.97, 96, 0.901
17/06/2024 22:32:00, 16.28, 79.39, 1009.34, 96, 0.901
17/06/2024 22:42:00, 16.33, 79.10, 1009.31, 96, 0.898
17/06/2024 22:52:00, 16.32, 79.24, 1008.97, 95, 0.904
17/06/2024 23:02:00, 16.25, 79.44, 1009.18, 96, 0.903
17/06/2024 23:12:00, 16.25, 79.41, 1009.18, 95, 0.904
17/06/2024 23:22:00, 16.27, 79.45, 1009.09, 95, 0.905
17/06/2024 23:32:00, 16.34, 79.64, 1009.20, 96, 0.900
17/06/2024 23:42:00, 16.37, 79.51, 1009.25, 96, 0.898
17/06/2024 23:52:00, 16.40, 79.73, 1009.33, 95, 0.905
