date_time,tempC,HR,pressure,HRsoil,Vsensor
13/06/2024 00:02:00, 22.80, 75.86, 1002.93, 98, 0.879
13/06/2024 00:12:00, 22.70, 76.21, 1002.90, 98, 0.879
13/06/2024 00:22:00, 22.59, 76.60, 1002.87, 98, 0.878
13/06/2024 00:32:00, 22.48, 77.12, 1002.83, 99, 0.874
13/06/2024 00:42:00, 22.36, 77.72, 1002.80, 100, 0.869
13/06/2024 00:52:00, 22.25, 77.88, 1002.76, 98, 0.879
13/06/2024 01:02:00, 22.15, 77.38, 1002.73, 99, 0.876
13/06/2024 01:12:00, 22.07, 76.58, 1002.69, 98, 0.878
13/06/2024 01:22:00, 22.00, 75.89, 1002.65, 98, 0.879
13/06/2024 01:32:00, 21.95, 74.93, 1002.60, 99, 0.876
13/06/2024 01:42:00, 21.90, 74.75, 1002.56, 98, 0.879
13/06/2024 01:52:00, 21.86, 74.27, 1002.50, 98, 0.880
13/06/2024 02:02:00, 21.83, 73.83, 1002.44, 99, 0.877
13/06/2024 02:12:00, 21.81, 73.42, 1002.37, 98, 0.878
13/06/2024 02:22:00, 21.78, 73.53, 1002.30, 99, 0.876
13/06/2024 02:32:00, 21.75, 73.05, 1002.22, 98, 0.879
13/06/2024 02:42:00, 21.71, 73.32, 1002.15, 98, 0.880
13/06/2024 02:52:00, 21.66, 73.80, 1002.08, 98, 0.878
13/06/2024 03:02:00, 21.60, 74.06, 1002.01, 99, 0.876
13/06/2024 03:12:00, 21.55, 74.52, 1001.95, 99, 0.870
13/06/2024 03:22:00, 21.48, 74.53, 1001.89, 99, 0.876
13/06/2024 03:32:00, 21.42, 75.17, 1001.83, 99, 0.875
13/06/2024 03:42:00, 21.37, 75.22, 1001.76, 98, 0.878
13/06/2024 03:52:00, 21.32, 73.96, 1001.70, 99, 0.873
13/06/2024 04:02:00, 21.26, 74.37, 1001.63, 98, 0.878
13/06/2024 04:12:00, 21.21, 73.88, 1001.57, 99, 0.870
13/06/2024 04:22:00, 21.15, 74.67, 1001.50, 100, 0.869
13/06/2024 04:32:00, 21.09, 74.66, 1001.43, 100, 0.868
13/06/2024 04:42:00, 21.02, 74.70, 1001.35, 98, 0.879
13/06/2024 04:52:00, 20.96, 74.76, 1001.27, 98, 0.878
13/06/2024 05:02:00, 20.88, 75.08, 1001.20, 98, 0.878
13/06/2024 05:12:00, 20.81, 75.53, 1001.11, 100, 0.869
13/06/2024 05:22:00, 19.51, 75.77, 999.71, 100, 0.869
13/06/2024 05:32:00, 19.44, 75.01, 999.47, 99, 0.872
13/06/2024 05:42:00, 19.44, 74.94, 999.45, 100, 0.868
13/06/2024 05:52:00, 19.44, 74.79, 999.45, 99, 0.870
13/06/2024 06:02:00, 19.44, 73.66, 999.44, 100, 0.869
13/06/2024 06:12:00, 19.43, 73.89, 999.43, 99, 0.874
13/06/2024 06:22:00, 19.42, 73.98, 999.42, 99, 0.876
13/06/2024 06:32:00, 19.41, 73.96, 999.41, 98, 0.878
13/06/2024 06:42:00, 19.40, 73.71, 999.40, 98, 0.878
13/06/2024 06:52:00, 19.09, 74.26, 999.34, 99, 0.870
13/06/2024 07:02:00, 19.01, 74.05, 999.42, 99, 0.874
13/06/2024 07:12:00, 18.94, 73.59, 999.24, 98, 0.878
13/06/2024 07:22:00, 18.89, 73.87, 999.54, 99, 0.874
13/06/2024 07:32:00, 18.77, 74.43, 999.71, 98, 0.878
13/06/2024 07:42:00, 18.65, 74.47, 999.73, 98, 0.878
13/06/2024 07:52:00, 18.61, 74.97, 999.91, 98, 0.878
13/06/2024 08:02:00, 18.56, 74.32, 999.68, 99, 0.874
13/06/2024 08:12:00, 18.52, 74.80, 999.94, 100, 0.867
13/06/2024 08:22:00, 18.51, 74.88, 1000.09, 99, 0.873
13/06/2024 08:32:00, 18.48, 74.84, 999.98, 99, 0.876
13/06/2024 08:42:00, 18.54, 74.14, 1000.06, 99, 0.874
13/06/2024 08:52:00, 18.69, 73.56, 999.94, 99, 0.877
13/06/2024 09:02:00, 18.90, 73.19, 999.74, 98, 0.879
13/06/2024 09:12:00, 19.10, 73.16, 999.79, 99, 0.874
13/06/2024 09:22:00, 19.33, 72.11, 999.79, 98, 0.879
13/06/2024 09:32:00, 19.34, 70.74, 999.78, 98, 0.879
13/06/2024 09:42:00, 19.37, 70.43, 999.77, 98, 0.878
13/06/2024 09:52:00, 19.42, 69.31, 999.75, 98, 0.882
13/06/2024 10:02:00, 19.51, 67.20, 999.72, 98, 0.884
13/06/2024 10:12:00, 19.62, 65.76, 999.69, 98, 0.885
13/06/2024 10:22:00, 19.75, 62.53, 999.66, 98, 0.886
13/06/2024 10:32:00, 19.90, 62.35, 999.65, 98, 0.882
13/06/2024 10:42:00, 20.07, 60.86, 999.61, 97, 0.890
13/06/2024 10:52:00, 20.25, 59.74, 999.56, 98, 0.885
13/06/2024 11:02:00, 20.44, 60.14, 999.50, 97, 0.892
13/06/2024 11:12:00, 20.65, 59.40, 999.47, 96, 0.896
13/06/2024 11:22:00, 20.86, 57.65, 999.41, 96, 0.896
13/06/2024 11:32:00, 21.10, 57.70, 999.35, 96, 0.899
13/06/2024 11:42:00, 21.33, 56.67, 999.29, 97, 0.895
13/06/2024 11:52:00, 21.56, 56.84, 999.22, 96, 0.903
13/06/2024 12:02:00, 21.80, 55.97, 999.16, 95, 0.905
13/06/2024 12:12:00, 22.05, 54.98, 999.10, 96, 0.903
13/06/2024 12:22:00, 22.30, 55.62, 999.05, 95, 0.904
13/06/2024 12:32:00, 22.56, 54.19, 998.98, 98, 0.881
13/06/2024 12:42:00, 22.81, 54.59, 998.90, 100, 0.861
13/06/2024 12:52:00, 22.99, 56.21, 998.80, 98, 0.878
13/06/2024 13:02:00, 23.18, 54.91, 998.71, 99, 0.877
13/06/2024 13:12:00, 23.39, 53.77, 998.61, 99, 0.870
13/06/2024 13:22:00, 23.62, 53.55, 998.52, 98, 0.878
13/06/2024 13:32:00, 23.85, 53.81, 998.43, 100, 0.866
13/06/2024 13:42:00, 24.09, 51.91, 998.34, 98, 0.882
13/06/2024 13:52:00, 24.33, 52.54, 998.23, 98, 0.879
13/06/2024 14:02:00, 24.58, 52.00, 998.11, 99, 0.874
13/06/2024 14:12:00, 24.82, 52.14, 997.98, 98, 0.885
13/06/2024 14:22:00, 25.05, 51.26, 997.85, 98, 0.886
13/06/2024 14:32:00, 25.26, 50.60, 997.72, 97, 0.887
13/06/2024 14:42:00, 25.46, 52.11, 997.58, 97, 0.889
13/06/2024 14:52:00, 25.65, 51.98, 997.45, 97, 0.887
13/06/2024 15:02:00, 25.83, 50.72, 997.31, 97, 0.892
13/06/2024 15:12:00, 26.00, 51.48, 997.19, 97, 0.892
13/06/2024 15:22:00, 26.16, 51.19, 997.07, 97, 0.895
13/06/2024 15:32:00, 26.31, 51.63, 996.95, 97, 0.895
13/06/2024 15:42:00, 26.46, 51.19, 996.83, 97, 0.890
13/06/2024 15:52:00, 26.60, 51.56, 996.72, 97, 0.890
13/06/2024 16:02:00, 26.73, 50.91, 996.61, 96, 0.897
13/06/2024 16:12:00, 26.86, 51.31, 996.50, 96, 0.899
13/06/2024 16:22:00, 26.94, 52.92, 996.40, 97, 0.890
13/06/2024 16:32:00, 27.00, 53.94, 996.29, 96, 0.899
13/06/2024 16:42:00, 27.04, 54.67, 996.20, 96, 0.898
13/06/2024 16:52:00, 27.05, 56.79, 996.11, 96, 0.896
13/06/2024 17:02:00, 27.03, 57.75, 996.02, 97, 0.894
13/06/2024 17:12:00, 26.98, 60.53, 995.94, 97, 0.890
13/06/2024 17:22:00, 26.89, 60.76, 995.88, 97, 0.893
13/06/2024 17:32:00, 26.78, 61.82, 995.82, 97, 0.892
13/06/2024 17:42:00, 26.64, 63.96, 995.78, 98, 0.884
13/06/2024 17:52:00, 26.49, 64.82, 995.76, 97, 0.892
13/06/2024 18:02:00, 26.32, 65.73, 995.72, 97, 0.891
13/06/2024 18:12:00, 26.13, 66.56, 995.70, 97, 0.890
13/06/2024 18:22:00, 25.92, 68.43, 995.70, 98, 0.886
13/06/2024 18:32:00, 25.69, 68.87, 995.72, 98, 0.881
13/06/2024 18:42:00, 25.46, 69.67, 995.74, 98, 0.882
13/06/2024 18:52:00, 25.21, 70.60, 995.78, 98, 0.885
13/06/2024 19:02:00, 24.95, 72.36, 995.82, 98, 0.884
13/06/2024 19:12:00, 24.68, 72.74, 995.89, 98, 0.881
13/06/2024 19:22:00, 24.41, 74.15, 995.96, 98, 0.881
13/06/2024 19:32:00, 24.15, 74.39, 996.02, 98, 0.882
13/06/2024 19:42:00, 23.89, 75.30, 996.10, 98, 0.883
13/06/2024 19:52:00, 19.78, 74.76, 997.43, 98, 0.880
13/06/2024 20:02:00, 19.62, 75.56, 997.52, 98, 0.879
13/06/2024 20:12:00, 19.50, 74.58, 997.91, 98, 0.879
13/06/2024 20:22:00, 19.45, 76.60, 998.12, 98, 0.880
13/06/2024 20:32:00, 19.44, 76.74, 998.11, 98, 0.881
13/06/2024 20:42:00, 19.43, 77.06, 998.31, 98, 0.879
13/06/2024 20:52:00, 19.31, 76.00, 998.51, 99, 0.875
13/06/2024 21:02:00, 19.18, 75.80, 998.79, 98, 0.879
13/06/2024 21:12:00, 19.09, 76.87, 999.09, 99, 0.874
13/06/2024 21:22:00, 19.03, 76.89, 999.07, 98, 0.881
13/06/2024 21:32:00, 19.02, 77.68, 999.11, 98, 0.879
13/06/2024 21:42:00, 18.99, 77.60, 999.25, 98, 0.879
13/06/2024 21:52:00, 18.97, 77.00, 999.30, 99, 0.877
13/06/2024 22:02:00, 18.96, 77.86, 999.37, 98, 0.880
13/06/2024 22:12:00, 19.06, 77.63, 999.29, 99, 0.876
13/06/2024 22:22:00, 19.29, 78.73, 999.50, 98, 0.881
13/06/2024 22:32:00, 19.61, 78.69, 999.57, 98, 0.880
13/06/2024 22:42:00, 19.89, 77.96, 999.63, 98, 0.880
13/06/2024 22:52:00, 19.90, 76.38, 999.63, 98, 0.878
13/06/2024 23:02:00, 19.90, 75.44, 999.63, 99, 0.874
13/06/2024 23:12:00, 19.88, 77.09, 999.62, 98, 0.879
13/06/2024 23:22:00, 19.86, 77.29, 999.65, 99, 0.874
13/06/2024 23:32:00, 19.25, 76.86, 999.98, 99, 0.874
13/06/2024 23:42:00, 18.98, 77.10, 999.91, 99, 0.872
13/06/2024 23:52:00, 18.96, 76.93, 999.91, 98, 0.878
